[[ -68897.30697956   67778.39694       2666.29604     -45588.42868
   103561.66382     -24106.21754    -102979.8864      -11793.80368
   112917.33678     -56775.39474       3020.66328     100233.95052   ]
 [  88076.3479261   -93905.05972      67778.39694       2666.29604
   -45588.42868     103561.66382     -24106.21754    -102979.8864
   -11793.80368     112917.33678     -56775.39474       3020.66328   ]
 [   3267.37126598  154058.86868     -93905.05972      67778.39694
     2666.29604     -45588.42868     103561.66382     -24106.21754
  -102979.8864      -11793.80368     112917.33678     -56775.39474   ]
 [ -75386.6145437   -27294.3361      154058.86868     -93905.05972
    67778.39694       2666.29604     -45588.42868     103561.66382
   -24106.21754    -102979.8864      -11793.80368     112917.33678   ]
 [  48012.06304258    1222.70916     -27294.3361      154058.86868
   -93905.05972      67778.39694       2666.29604     -45588.42868
   103561.66382     -24106.21754    -102979.8864      -11793.80368   ]
 [ -34566.2229495   102295.31656       1222.70916     -27294.3361
   154058.86868     -93905.05972      67778.39694       2666.29604
   -45588.42868     103561.66382     -24106.21754    -102979.8864    ]]